MELHOR SOLUÇÃO (GULOSO RANDOMIZADO):
Cluster 0: 132 80 169 165 166 69 84 189 4 68 
Cluster 1: 30 235 28 127 123 198 107 224 7 204 11 173 153 134 58 176 161 67 180 38 45 21 146 238 162 12 156 32 
Cluster 2: 101 96 24 27 160 143 114 99 182 177 195 72 
220 203 155 46 106 222 108 234 102 
Cluster 3: 196 185 164 145 113 79 208 90 18 53 129 105 213 
Cluster 4: 194 36 9 237 83 236 26 112 85 168 110 92 54 50 87 126 91 147 201 6 148 202 52 141 152 
Cluster 5: 157 98 100 76 70 174 239 35 207 191 89 33 65 211 104 197 63 167 1 16 77 131 221 44 23 137 
Cluster 6: 210 230 86 10 29 56 171 95 229 97 124 139 
Cluster 7: 13 121 15 144 48 34 73 133 179 118 59 116 142 214 93 119 66 215 71 228 55 190 192 94 5 
Cluster 8: 149 109 181 0 154 81 19 130 51 41 218 39 14 128 117 175 78 205 111 125 42 226 122 3 
Cluster 9: 200 17 135 61 206 199 216 231 25 150 
Cluster 10: 136 88 225 120 8 163 20 2 183 233 43 40 170 75 64 188 178 82 57 172 47 103 62 184 
Cluster 11: 186 60 217 138 187 158 232 37 74 209 22 49 31 159 151 115 219 193 223 212 227 140 

QUALIDADE: 140610

